120 548
120 540
120 534
120 528
120 522
120 516
120 510
120 504
120 498
120 492
120 486
120 480
114 548
114 540
114 534
114 528
114 522
114 516
114 510
114 504
114 498
114 492
114 486
108 548
108 540
108 534
108 528
108 522
108 516
108 510
108 504
108 498
108 492
102 548
102 540
102 534
102 528
102 522
102 516
102 510
102 504
102 498
 96 548
 96 540
 96 534
 96 528
 96 522
 96 516
 96 510
 96 504
 90 548
 90 540
 90 534
 90 528
 90 522
 90 516
 90 510
 84 548
 84 540
 84 534
 84 528
 84 522
 84 516
 78 548
 78 540
 78 534
 78 528
 78 522
 72 548
 72 540
 72 534
 72 528
 66 548
 66 540
 66 534
 60 548
 60 540
 54 548
